20
0 95 17 89 44 89 80 1 20 9 26 31 6 14 95 81 16 68 13 70 
95 0 83 13 38 94 25 73 56 66 20 54 54 48 93 29 92 23 54 57 
17 83 0 14 68 84 30 37 16 16 63 26 74 33 83 26 16 48 63 54 
89 13 14 0 68 96 55 94 26 56 97 84 46 36 87 17 62 8 100 33 
44 38 68 68 0 12 59 82 49 45 94 88 60 11 70 44 48 81 89 89 
89 94 84 96 12 0 78 12 92 46 37 7 68 29 39 75 40 81 19 56 
80 25 30 55 59 78 0 39 28 70 32 98 39 89 13 33 45 9 94 38 
1 73 37 94 82 12 39 0 26 47 44 93 71 35 32 2 39 62 69 38 
20 56 16 26 49 92 28 26 0 71 28 66 69 58 58 23 57 98 26 55 
9 66 16 56 45 46 70 47 71 0 36 58 91 98 59 65 33 45 61 22 
26 20 63 97 94 37 32 44 28 36 0 34 87 76 79 100 32 62 71 84 
31 54 26 84 88 7 98 93 66 58 34 0 65 34 24 60 23 48 48 94 
6 54 74 46 60 68 39 71 69 91 87 65 0 73 69 2 38 21 4 27 
14 48 33 36 11 29 89 35 58 98 76 34 73 0 82 62 28 83 43 97 
95 93 83 87 70 39 13 32 58 59 79 24 69 82 0 57 29 65 57 17 
81 29 26 17 44 75 33 2 23 65 100 60 2 62 57 0 48 66 3 84 
16 92 16 62 48 40 45 39 57 33 32 23 38 28 29 48 0 91 64 55 
68 23 48 8 81 81 9 62 98 45 62 48 21 83 65 66 91 0 54 79 
13 54 63 100 89 19 94 69 26 61 71 48 4 43 57 3 64 54 0 7 
70 57 54 33 89 56 38 38 55 22 84 94 27 97 17 84 55 79 7 0 
