10
0 68 33 41 5 89 51 96 62 85 
68 0 15 4 18 95 83 22 81 30 
33 15 0 34 65 66 45 53 62 73 
41 4 34 0 57 8 13 87 71 48 
5 18 65 57 0 47 95 78 86 18 
89 95 66 8 47 0 86 79 24 22 
51 83 45 13 95 86 0 21 68 78 
96 22 53 87 78 79 21 0 45 72 
62 81 62 71 86 24 68 45 0 54 
85 30 73 48 18 22 78 72 54 0 
