30
0 20 24 43 11 58 51 58 48 97 57 49 73 30 66 96 63 33 18 15 67 35 16 16 83 5 16 81 94 32 
20 0 61 86 7 24 19 85 16 55 66 75 85 76 52 55 68 6 23 80 62 85 82 43 67 28 10 28 1 59 
24 61 0 42 42 30 64 37 55 96 75 1 17 48 3 5 50 81 66 42 68 63 54 64 23 85 33 13 97 4 
43 86 42 0 83 97 75 17 66 55 16 99 89 7 15 70 95 100 28 82 97 97 8 67 79 78 61 49 37 93 
11 7 42 83 0 62 91 79 91 57 60 7 6 100 69 60 45 81 53 57 64 4 90 9 42 53 72 15 17 37 
58 24 30 97 62 0 61 23 76 98 40 4 34 20 33 41 9 48 11 84 31 54 12 83 79 54 96 30 6 83 
51 19 64 75 91 61 0 48 59 1 20 17 64 60 26 20 57 50 76 1 37 28 51 15 58 87 65 25 78 35 
58 85 37 17 79 23 48 0 64 85 34 99 97 42 73 85 33 29 69 91 20 58 8 99 82 76 13 90 37 14 
48 16 55 66 91 76 59 64 0 39 80 25 46 61 14 30 20 59 10 38 54 58 83 1 35 66 17 88 48 67 
97 55 96 55 57 98 1 85 39 0 92 100 51 74 93 96 8 85 95 32 50 61 91 39 51 7 22 2 79 87 
57 66 75 16 60 40 20 34 80 92 0 31 7 37 88 68 21 71 65 23 98 77 73 85 84 22 83 33 79 22 
49 75 1 99 7 4 17 99 25 100 31 0 60 36 28 47 63 89 49 74 52 27 64 88 34 58 81 25 26 46 
73 85 17 89 6 34 64 97 46 51 7 60 0 89 33 26 29 92 19 5 42 85 35 67 85 89 49 3 11 5 
30 76 48 7 100 20 60 42 61 74 37 36 89 0 75 69 50 62 27 6 31 30 91 1 46 21 89 45 81 76 
66 52 3 15 69 33 26 73 14 93 88 28 33 75 0 55 6 76 9 28 63 57 16 58 86 33 2 50 96 52 
96 55 5 70 60 41 20 85 30 96 68 47 26 69 55 0 44 22 91 60 6 47 3 7 9 61 68 53 22 97 
63 68 50 95 45 9 57 33 20 8 21 63 29 50 6 44 0 48 38 77 16 54 19 56 29 1 33 71 88 20 
33 6 81 100 81 48 50 29 59 85 71 89 92 62 76 22 48 0 50 45 82 11 52 88 16 46 70 95 76 50 
18 23 66 28 53 11 76 69 10 95 65 49 19 27 9 91 38 50 0 21 3 2 22 91 91 34 41 12 54 6 
15 80 42 82 57 84 1 91 38 32 23 74 5 6 28 60 77 45 21 0 98 16 32 94 39 65 74 51 2 1 
67 62 68 97 64 31 37 20 54 50 98 52 42 31 63 6 16 82 3 98 0 46 16 29 67 3 82 46 42 86 
35 85 63 97 4 54 28 58 58 61 77 27 85 30 57 47 54 11 2 16 46 0 36 65 52 91 54 76 72 18 
16 82 54 8 90 12 51 8 83 91 73 64 35 91 16 3 19 52 22 32 16 36 0 12 34 60 97 53 5 99 
16 43 64 67 9 83 15 99 1 39 85 88 67 1 58 7 56 88 91 94 29 65 12 0 5 71 23 71 77 53 
83 67 23 79 42 79 58 82 35 51 84 34 85 46 86 9 29 16 91 39 67 52 34 5 0 56 42 12 100 95 
5 28 85 78 53 54 87 76 66 7 22 58 89 21 33 61 1 46 34 65 3 91 60 71 56 0 91 79 58 41 
16 10 33 61 72 96 65 13 17 22 83 81 49 89 2 68 33 70 41 74 82 54 97 23 42 91 0 91 97 20 
81 28 13 49 15 30 25 90 88 2 33 25 3 45 50 53 71 95 12 51 46 76 53 71 12 79 91 0 63 61 
94 1 97 37 17 6 78 37 48 79 79 26 11 81 96 22 88 76 54 2 42 72 5 77 100 58 97 63 0 37 
32 59 4 93 37 83 35 14 67 87 22 46 5 76 52 97 20 50 6 1 86 18 99 53 95 41 20 61 37 0 
